Filter coefficients
0.000442287600180
0.000962066985420
0.001918198057737
0.003609909009004
0.006302400788297
0.010186505493152
0.015344445915788
0.021726327735171
0.029140839712864
0.037262005483294
0.045651919851760
0.053797449481079
0.061157128679665
0.067213159756148
0.071522706672943
0.073762648777498
0.073762648777498
0.071522706672943
0.067213159756148
0.061157128679665
0.053797449481079
0.045651919851760
0.037262005483294
0.029140839712864
0.021726327735171
0.015344445915788
0.010186505493152
0.006302400788297
0.003609909009004
0.001918198057737
0.000962066985420
0.000442287600180
